# test run with small objects (40 bytes) on Monday, April 19, 2021
x <- c(13683, 12899, 12330, 12653, 13022, 13184, 13185, 12642, 12525, 12382, 12423, 12610, 13173, 12230, 12090, 12135, 12270, 12384, 12749, 13121, 12503, 12390, 12314, 12983, 12975, 13689, 12854, 12746, 12217, 12599, 12132, 13051, 12753, 11896, 12065, 11994, 12944, 12847, 13350, 12524, 12391, 12530, 12574, 12831, 13192, 12285, 12473, 12417, 12549, 12652, 13539, 13184, 12517, 12569, 12720, 12774, 13321, 13057, 12602, 12209, 12243, 12178, 12969, 13251, 12474, 12063, 12122, 12390, 12145, 12723, 12598, 12116, 11997, 11806, 12407, 13092, 12648, 12691, 12220, 12443, 13057, 13053, 13848, 12788, 12731, 12398, 12584, 12708, 13773, 13168, 12652, 12722, 12513, 12702, 13523, 12698, 12600, 12273, 12109, 12645, 12882, 13557, 12956, 12668, 12893, 12793, 13086, 14206, 13325, 13371, 12309, 12950, 13305, 13671, 14047, 12786, 12722, 12648, 12562, 13358, 13906, 13165, 12934, 12510, 13062, 12902, 13630, 13922, 12897, 12967, 13067, 12931, 13363, 13218, 12309, 12765, 12771, 12673, 13476, 13713, 13475, 12454, 12809, 12377, 13316, 13263, 14322, 12582, 12724, 12477, 13089, 12989, 13520, 13027, 12194, 12426, 12716, 13186, 12960, 12816, 12587, 12671, 12442, 12851, 12744, 13084, 12005, 12510, 12294, 12371, 12288, 12745, 12813, 12114, 12181, 12351, 12488, 13499, 13140, 12353, 12426, 12232, 13049, 12956, 13652, 12895, 12222, 12332, 12327, 12896, 13098, 13271, 12823, 12336, 12523, 12462, 13074, 13211, 12547, 12162, 12157, 12370, 12857, 13233, 12806, 12395, 12594, 12800, 12573, 12220, 12992, 12512, 11833, 11949, 12569, 13090, 13493, 12250, 12138, 12757, 12678, 12653, 13070, 12737, 12850, 12423, 12455, 12510, 12960, 14108, 13113, 12539, 12232, 12349, 12743, 12754, 13766, 12926, 13143, 12498, 12819, 13066, 13136, 12810, 12770, 12491, 12769, 13065, 13675, 13256, 12970, 12586, 12728, 12486, 13249, 13478, 12635, 12653, 12327, 12400, 12609, 12925, 12659, 12653, 12365, 12596, 13308, 13064, 13372, 12438, 12205, 12674, 12385, 12694, 13156, 12193, 12639, 12374, 12129, 12571, 12748, 12554, 12464, 12773, 12720, 12939, 13237, 14004, 12830, 12509, 13099, 13117, 13170, 13835, 13740, 13151, 13041, 13286, 13261, 13876, 13367, 12793, 12474, 12581, 13266, 13716, 13565, 12710, 13223, 12175, 12887, 13354, 13829, 12944, 12998, 12119, 12869, 12544, 13494, 13502, 12544, 12472, 12935, 13057, 13422, 14208, 13431, 13170, 12805, 12752, 13276, 13789, 12985, 13067, 12166, 12179, 13414, 12755, 12939, 12938, 12617, 12740, 13309, 12837, 13328, 13382, 12538, 12685, 12778, 12632, 13582, 13608, 12541, 13048, 13191, 13300, 13760, 14029, 12901, 13416, 12736, 12514, 13298, 12800, 13425, 13277, 12795, 12613, 13899, 12979, 14155, 13328, 12647, 12873, 13443, 13294, 13719, 13617, 13010, 12810, 13309, 13226, 13938, 13557, 12804, 13041, 13084, 13052, 13332, 13603, 13254, 12830, 12332, 13245, 13464, 13379, 13135, 12917, 12195, 12621, 13257, 12503, 13540, 12315, 12442, 12854, 13057, 13172, 13187, 13341, 12759, 12601, 12915, 12903, 13066, 13032, 12506, 12226, 12229, 13098, 12730, 13772, 12606, 12372, 12264, 12489, 12758, 13120, 12925, 12753, 12695, 12581, 12583, 13112, 13765, 13012, 12319, 12468, 12434, 12786, 13382, 12384, 13306, 12500, 12580, 12669, 13166, 13807, 12948, 12487, 12441, 12799, 12698, 13232, 13342, 12742, 13199, 12777, 13079, 14087, 12735, 12695, 12441, 12356, 12620, 13255, 13308, 12626, 12564, 12004, 13409, 13059, 13941, 13144, 12402, 12654, 12566, 12734, 12825, 12574, 12458, 12769, 12272, 12481, 13468, 13284, 12758, 12537, 12164, 12700, 12764, 12829, 12683, 12793, 12452, 12396, 12512, 12870, 13269, 12457, 12227, 12088, 12374, 13156, 13432, 12556, 12333, 12396, 12681, 12915, 12774, 13066, 12595, 12160, 12262, 12475, 12688, 14125, 12749, 12496, 12237, 12147, 12970, 12655, 13082, 12093, 12168, 12339, 12190, 12575, 13290, 12221, 12282, 12615, 12392, 12623, 13394, 12693, 12959, 12408, 12176, 13131, 12629, 13307, 12449, 12274, 12956, 12233, 12811, 13787, 12618, 12145, 12092, 12617, 13267, 12966, 13425, 12502, 11860, 12028, 12298, 12997, 12993, 12002, 12309, 12346, 12025, 13025, 12970, 13048, 12476, 12085, 11944, 12963, 13011, 13267, 12705, 12325, 12142, 12360, 13006, 13588, 11986, 12366)
x <- c(x, 12308, 11773, 12408, 13206, 13182, 12382, 11732, 12396, 12379, 12081, 12599, 12143, 12011, 11567, 12140, 12329, 13461, 12806, 12461, 12255, 12412, 12785, 12914, 13408, 13054, 12055, 12560, 13210, 12995, 14570, 13530, 12603, 12512, 13383, 13264, 13628, 13668, 13358, 13005, 12620, 13134, 12890, 13678, 12736, 12846, 12501, 13020, 12914, 13540, 12929, 12581, 12605, 12794, 12993, 13370, 13642, 12927, 12656, 12595, 12770, 12819, 14019, 12716, 12551, 12420, 12797, 13194, 13828, 13027, 12835, 12727, 12635, 12925, 13044, 13433, 12695, 12474, 12174, 12635, 13156, 13641, 12624, 12546, 12361, 12805, 12956, 13840, 12831, 12958, 12548, 12958, 12737, 13303, 13502, 12752, 12625, 12745, 12505, 13515, 13691, 12482, 12642, 12871, 12497, 12624, 13202, 13317, 12589, 12979, 12491, 13162, 13005, 13670, 12788, 12807, 12509, 12777, 13254, 13450, 12073, 12648, 12924, 12316, 12203, 13058, 13484, 12175, 12620, 12301, 12774, 12859, 13729, 13225, 12700, 12542, 12857, 12778, 13195, 13430, 12811, 12765, 12452, 12987, 13463, 13615, 13138, 12413, 12546, 13044, 13238, 13563, 12785, 12796, 12420, 13004, 12659, 13662, 13202, 12426, 12633, 12089, 12730, 12365, 13461, 12930, 12517, 12832, 12828, 13220, 13804, 13337, 13256, 13052, 12678, 12926, 13197, 13601, 12731, 13067, 12628, 12439, 13157, 13583, 12645, 12508, 12551, 12954, 12729, 12749, 13673, 12962, 12556, 12889, 13027, 12685, 13446, 12732, 13071, 13021, 12430, 12997, 13514, 13246, 12795, 12790, 12501, 12717, 12880, 13510, 12782, 12253, 12634, 13093, 12077, 13688, 13304, 12928, 12461, 12955, 13263, 13336, 13522, 12607, 12776, 12720, 12729, 12992, 13877, 13117, 12751, 13117, 12832, 13222, 13536, 13400, 13077, 12542, 13222, 12893, 12848, 13036, 12954, 12175, 12482, 12833, 12537, 13188, 13584, 13207, 12734, 12162, 13053, 13393, 13379, 12703, 12845, 12849, 12697, 13164, 12782, 13379, 13207, 12429, 12172, 13034, 13055, 13738, 12773, 12577, 12622, 12403, 13032, 13660, 12010, 12649, 12141, 12314, 13035, 13607, 14001, 13081, 12550, 13165, 13837, 13275, 13292, 12611, 12230, 12357, 12737, 12580, 13196, 12757, 12448, 12627, 11842, 12980, 12892, 13359, 12769, 12349, 12584, 13031, 12756, 13519, 13019, 12066, 12931, 13252, 12895, 13117, 13212, 12586, 12320, 12045, 12321, 12604, 13101, 12452, 12537, 12579, 12729, 12509, 13077, 13318, 12620, 12776, 12976, 12695, 13609, 13637, 12562, 12562, 12343, 12402, 13342, 13375, 12402, 13020, 12180, 12555, 12719, 13133, 13149, 12344, 12981, 12483, 12894, 13019, 13719, 12767, 12815, 12539, 12946, 13159, 12926, 13317, 12758, 13011, 12476, 12398, 12942, 13252, 12701, 13124, 12818, 12519, 12514, 12910, 12951, 12119, 12177, 12859, 12980, 13046, 13550, 13075, 13108, 12570, 12592, 12798, 13131, 13101, 12696, 12681, 12521, 12771, 12693, 13766, 12896, 12841, 12624, 13221, 13798, 13850, 13456, 13049, 12706, 12513, 12812, 13795, 12773, 12250, 12839, 12548, 12855, 13554, 13684, 13129, 12756, 12348, 12724, 12505, 13301, 13542, 12806)
avg <- mean(x)
stdv <- sd(x)

# test run with medium objects (300 bytes) on Wednesday, April 21, 2021
